At time 1761659380.569663629
- Translation: [0.000, -0.000, 0.000]
- Rotation: in Quaternion (xyzw) [0.000, 0.000, 0.841, 0.541]
- Rotation: in RPY (radian) [0.000, -0.000, 1.999]
- Rotation: in RPY (degree) [0.000, -0.000, 114.518]
- Matrix:
 -0.415 -0.910  0.000  0.000
  0.910 -0.415  0.000 -0.000
  0.000  0.000  1.000  0.000
  0.000  0.000  0.000  1.000
At time 1761659381.578132429
- Translation: [0.000, -0.000, 0.000]
- Rotation: in Quaternion (xyzw) [0.000, 0.000, 0.841, 0.541]
- Rotation: in RPY (radian) [0.000, -0.000, 1.999]
- Rotation: in RPY (degree) [0.000, -0.000, 114.516]
- Matrix:
 -0.415 -0.910  0.000  0.000
  0.910 -0.415  0.000 -0.000
  0.000  0.000  1.000  0.000
  0.000  0.000  0.000  1.000
At time 1761659382.569635256
- Translation: [0.000, -0.000, 0.000]
- Rotation: in Quaternion (xyzw) [0.000, 0.000, 0.841, 0.542]
- Rotation: in RPY (radian) [0.000, -0.000, 1.997]
- Rotation: in RPY (degree) [0.000, -0.000, 114.423]
- Matrix:
 -0.413 -0.911  0.000  0.000
  0.911 -0.413  0.000 -0.000
  0.000  0.000  1.000  0.000
  0.000  0.000  0.000  1.000
At time 1761659383.578076655
- Translation: [0.000, -0.000, 0.000]
- Rotation: in Quaternion (xyzw) [0.000, 0.000, 0.840, 0.542]
- Rotation: in RPY (radian) [0.000, -0.000, 1.996]
- Rotation: in RPY (degree) [0.000, -0.000, 114.336]
- Matrix:
 -0.412 -0.911  0.000  0.000
  0.911 -0.412  0.000 -0.000
  0.000  0.000  1.000  0.000
  0.000  0.000  0.000  1.000
At time 1761659384.569188266
- Translation: [0.000, -0.000, 0.000]
- Rotation: in Quaternion (xyzw) [0.000, 0.000, 0.838, 0.546]
- Rotation: in RPY (radian) [0.000, -0.000, 1.987]
- Rotation: in RPY (degree) [0.000, -0.000, 113.835]
- Matrix:
 -0.404 -0.915  0.000  0.000
  0.915 -0.404  0.000 -0.000
  0.000  0.000  1.000  0.000
  0.000  0.000  0.000  1.000
At time 1761659385.577696011
- Translation: [0.000, -0.000, 0.000]
- Rotation: in Quaternion (xyzw) [0.000, 0.000, 0.839, 0.544]
- Rotation: in RPY (radian) [0.000, -0.000, 1.991]
- Rotation: in RPY (degree) [0.000, -0.000, 114.047]
- Matrix:
 -0.407 -0.913  0.000  0.000
  0.913 -0.407  0.000 -0.000
  0.000  0.000  1.000  0.000
  0.000  0.000  0.000  1.000
At time 1761659386.570251866
- Translation: [0.000, -0.000, 0.000]
- Rotation: in Quaternion (xyzw) [0.000, 0.000, 0.845, 0.535]
- Rotation: in RPY (radian) [0.000, -0.000, 2.012]
- Rotation: in RPY (degree) [0.000, -0.000, 115.284]
- Matrix:
 -0.427 -0.904  0.000  0.000
  0.904 -0.427  0.000 -0.000
  0.000  0.000  1.000  0.000
  0.000  0.000  0.000  1.000
At time 1761659387.577955469
- Translation: [0.000, -0.000, 0.000]
- Rotation: in Quaternion (xyzw) [0.000, 0.000, 0.860, 0.510]
- Rotation: in RPY (radian) [0.000, -0.000, 2.071]
- Rotation: in RPY (degree) [0.000, -0.000, 118.636]
- Matrix:
 -0.479 -0.878  0.000  0.000
  0.878 -0.479  0.000 -0.000
  0.000  0.000  1.000  0.000
  0.000  0.000  0.000  1.000
At time 1761659388.570274176
- Translation: [0.000, -0.000, 0.000]
- Rotation: in Quaternion (xyzw) [0.000, 0.000, 0.895, 0.447]
- Rotation: in RPY (radian) [0.000, -0.000, 2.215]
- Rotation: in RPY (degree) [0.000, -0.000, 126.926]
- Matrix:
 -0.601 -0.799  0.000  0.000
  0.799 -0.601  0.000 -0.000
  0.000  0.000  1.000  0.000
  0.000  0.000  0.000  1.000
At time 1761659389.578050366
- Translation: [0.000, -0.000, 0.000]
- Rotation: in Quaternion (xyzw) [0.000, 0.000, 0.875, 0.484]
- Rotation: in RPY (radian) [0.000, -0.000, 2.131]
- Rotation: in RPY (degree) [0.000, -0.000, 122.105]
- Matrix:
 -0.531 -0.847  0.000  0.000
  0.847 -0.531  0.000 -0.000
  0.000  0.000  1.000  0.000
  0.000  0.000  0.000  1.000
At time 1761659390.570002815
- Translation: [0.000, 0.000, 0.000]
- Rotation: in Quaternion (xyzw) [0.000, 0.000, 0.709, 0.705]
- Rotation: in RPY (radian) [0.000, -0.000, 1.577]
- Rotation: in RPY (degree) [0.000, -0.000, 90.361]
- Matrix:
 -0.006 -1.000  0.000  0.000
  1.000 -0.006  0.000  0.000
  0.000  0.000  1.000  0.000
  0.000  0.000  0.000  1.000
At time 1761659391.577197290
- Translation: [0.000, 0.000, 0.000]
- Rotation: in Quaternion (xyzw) [0.000, 0.000, 0.709, 0.705]
- Rotation: in RPY (radian) [0.000, -0.000, 1.577]
- Rotation: in RPY (degree) [0.000, -0.000, 90.361]
- Matrix:
 -0.006 -1.000  0.000  0.000
  1.000 -0.006  0.000  0.000
  0.000  0.000  1.000  0.000
  0.000  0.000  0.000  1.000
At time 1761659392.568874999
- Translation: [0.000, 0.000, 0.000]
- Rotation: in Quaternion (xyzw) [0.000, 0.000, 0.709, 0.705]
- Rotation: in RPY (radian) [0.000, -0.000, 1.577]
- Rotation: in RPY (degree) [0.000, -0.000, 90.361]
- Matrix:
 -0.006 -1.000  0.000  0.000
  1.000 -0.006  0.000  0.000
  0.000  0.000  1.000  0.000
  0.000  0.000  0.000  1.000
At time 1761659393.577837771
- Translation: [0.000, 0.000, 0.000]
- Rotation: in Quaternion (xyzw) [0.000, 0.000, 0.709, 0.705]
- Rotation: in RPY (radian) [0.000, -0.000, 1.577]
- Rotation: in RPY (degree) [0.000, -0.000, 90.361]
- Matrix:
 -0.006 -1.000  0.000  0.000
  1.000 -0.006  0.000  0.000
  0.000  0.000  1.000  0.000
  0.000  0.000  0.000  1.000
At time 1761659394.570368194
- Translation: [0.000, 0.000, 0.000]
- Rotation: in Quaternion (xyzw) [0.000, 0.000, 0.709, 0.705]
- Rotation: in RPY (radian) [0.000, -0.000, 1.577]
- Rotation: in RPY (degree) [0.000, -0.000, 90.361]
- Matrix:
 -0.006 -1.000  0.000  0.000
  1.000 -0.006  0.000  0.000
  0.000  0.000  1.000  0.000
  0.000  0.000  0.000  1.000
At time 1761659395.576907327
- Translation: [0.000, 0.000, 0.000]
- Rotation: in Quaternion (xyzw) [0.000, 0.000, 0.709, 0.705]
- Rotation: in RPY (radian) [0.000, -0.000, 1.577]
- Rotation: in RPY (degree) [0.000, -0.000, 90.361]
- Matrix:
 -0.006 -1.000  0.000  0.000
  1.000 -0.006  0.000  0.000
  0.000  0.000  1.000  0.000
  0.000  0.000  0.000  1.000
At time 1761659396.569689138
- Translation: [-1.102, 0.076, 0.000]
- Rotation: in Quaternion (xyzw) [0.000, 0.000, 0.533, 0.846]
- Rotation: in RPY (radian) [0.000, -0.000, 1.123]
- Rotation: in RPY (degree) [0.000, -0.000, 64.350]
- Matrix:
  0.433 -0.901  0.000 -1.102
  0.901  0.433  0.000  0.076
  0.000  0.000  1.000  0.000
  0.000  0.000  0.000  1.000
At time 1761659397.578412902
- Translation: [-1.573, 0.164, 0.000]
- Rotation: in Quaternion (xyzw) [0.000, 0.000, -0.021, 1.000]
- Rotation: in RPY (radian) [0.000, 0.000, -0.043]
- Rotation: in RPY (degree) [0.000, 0.000, -2.463]
- Matrix:
  0.999  0.043  0.000 -1.573
 -0.043  0.999 -0.000  0.164
 -0.000  0.000  1.000  0.000
  0.000  0.000  0.000  1.000
At time 1761659398.570238669
- Translation: [-0.765, -0.220, 0.000]
- Rotation: in Quaternion (xyzw) [0.000, 0.000, 0.141, 0.990]
- Rotation: in RPY (radian) [0.000, -0.000, 0.282]
- Rotation: in RPY (degree) [0.000, -0.000, 16.160]
- Matrix:
  0.960 -0.278  0.000 -0.765
  0.278  0.960  0.000 -0.220
  0.000  0.000  1.000  0.000
  0.000  0.000  0.000  1.000
At time 1761659402.515991053
- Translation: [-0.353, -0.267, 0.000]
- Rotation: in Quaternion (xyzw) [0.000, 0.000, 0.318, 0.948]
- Rotation: in RPY (radian) [0.000, -0.000, 0.648]
- Rotation: in RPY (degree) [0.000, -0.000, 37.141]
- Matrix:
  0.797 -0.604  0.000 -0.353
  0.604  0.797  0.000 -0.267
  0.000  0.000  1.000  0.000
  0.000  0.000  0.000  1.000
At time 1761659402.515991053
- Translation: [-0.353, -0.267, 0.000]
- Rotation: in Quaternion (xyzw) [0.000, 0.000, 0.318, 0.948]
- Rotation: in RPY (radian) [0.000, -0.000, 0.648]
- Rotation: in RPY (degree) [0.000, -0.000, 37.141]
- Matrix:
  0.797 -0.604  0.000 -0.353
  0.604  0.797  0.000 -0.267
  0.000  0.000  1.000  0.000
  0.000  0.000  0.000  1.000
At time 1761659403.508287930
- Translation: [-1.497, -0.077, 0.000]
- Rotation: in Quaternion (xyzw) [0.000, 0.000, 0.262, 0.965]
- Rotation: in RPY (radian) [0.000, -0.000, 0.531]
- Rotation: in RPY (degree) [0.000, -0.000, 30.429]
- Matrix:
  0.862 -0.506  0.000 -1.497
  0.506  0.862  0.000 -0.077
  0.000  0.000  1.000  0.000
  0.000  0.000  0.000  1.000
At time 1761659404.515973071
- Translation: [-1.487, 0.087, 0.000]
- Rotation: in Quaternion (xyzw) [0.000, 0.000, 0.043, 0.999]
- Rotation: in RPY (radian) [0.000, -0.000, 0.086]
- Rotation: in RPY (degree) [0.000, -0.000, 4.920]
- Matrix:
  0.996 -0.086  0.000 -1.487
  0.086  0.996  0.000  0.087
  0.000  0.000  1.000  0.000
  0.000  0.000  0.000  1.000
At time 1761659405.508439754
- Translation: [-0.746, 0.093, 0.000]
- Rotation: in Quaternion (xyzw) [0.000, 0.000, -0.031, 1.000]
- Rotation: in RPY (radian) [0.000, 0.000, -0.062]
- Rotation: in RPY (degree) [0.000, 0.000, -3.547]
- Matrix:
  0.998  0.062  0.000 -0.746
 -0.062  0.998 -0.000  0.093
 -0.000  0.000  1.000  0.000
  0.000  0.000  0.000  1.000
At time 1761659406.516537214
- Translation: [-0.363, -0.084, 0.000]
- Rotation: in Quaternion (xyzw) [0.000, 0.000, 0.129, 0.992]
- Rotation: in RPY (radian) [0.000, -0.000, 0.259]
- Rotation: in RPY (degree) [0.000, -0.000, 14.825]
- Matrix:
  0.967 -0.256  0.000 -0.363
  0.256  0.967  0.000 -0.084
  0.000  0.000  1.000  0.000
  0.000  0.000  0.000  1.000
At time 1761659407.508185936
- Translation: [-0.066, -0.173, 0.000]
- Rotation: in Quaternion (xyzw) [0.000, 0.000, 0.573, 0.820]
- Rotation: in RPY (radian) [0.000, -0.000, 1.220]
- Rotation: in RPY (degree) [0.000, -0.000, 69.905]
- Matrix:
  0.344 -0.939  0.000 -0.066
  0.939  0.344  0.000 -0.173
  0.000  0.000  1.000  0.000
  0.000  0.000  0.000  1.000
At time 1761659408.516277692
- Translation: [-1.880, 0.050, 0.000]
- Rotation: in Quaternion (xyzw) [0.000, 0.000, 0.475, 0.880]
- Rotation: in RPY (radian) [0.000, -0.000, 0.989]
- Rotation: in RPY (degree) [0.000, -0.000, 56.659]
- Matrix:
  0.550 -0.835  0.000 -1.880
  0.835  0.550  0.000  0.050
  0.000  0.000  1.000  0.000
  0.000  0.000  0.000  1.000
At time 1761659409.508636713
- Translation: [-1.330, 0.331, 0.000]
- Rotation: in Quaternion (xyzw) [0.000, 0.000, 0.006, 1.000]
- Rotation: in RPY (radian) [0.000, -0.000, 0.012]
- Rotation: in RPY (degree) [0.000, -0.000, 0.687]
- Matrix:
  1.000 -0.012  0.000 -1.330
  0.012  1.000  0.000  0.331
  0.000  0.000  1.000  0.000
  0.000  0.000  0.000  1.000
At time 1761659410.516334117
- Translation: [-0.646, 0.248, 0.000]
- Rotation: in Quaternion (xyzw) [0.000, 0.000, -0.123, 0.992]
- Rotation: in RPY (radian) [0.000, 0.000, -0.246]
- Rotation: in RPY (degree) [0.000, 0.000, -14.085]
- Matrix:
  0.970  0.243  0.000 -0.646
 -0.243  0.970 -0.000  0.248
 -0.000  0.000  1.000  0.000
  0.000  0.000  0.000  1.000
At time 1761659411.508452362
- Translation: [-0.268, 0.218, 0.000]
- Rotation: in Quaternion (xyzw) [0.000, 0.000, -0.307, 0.952]
- Rotation: in RPY (radian) [0.000, 0.000, -0.624]
- Rotation: in RPY (degree) [0.000, 0.000, -35.745]
- Matrix:
  0.812  0.584  0.000 -0.268
 -0.584  0.812 -0.000  0.218
 -0.000  0.000  1.000  0.000
  0.000  0.000  0.000  1.000
At time 1761659412.515996442
- Translation: [-0.403, 0.150, 0.000]
- Rotation: in Quaternion (xyzw) [0.000, 0.000, -0.495, 0.869]
- Rotation: in RPY (radian) [0.000, 0.000, -1.035]
- Rotation: in RPY (degree) [0.000, 0.000, -59.298]
- Matrix:
  0.511  0.860  0.000 -0.403
 -0.860  0.511 -0.000  0.150
 -0.000  0.000  1.000  0.000
  0.000  0.000  0.000  1.000
At time 1761659413.508353158
- Translation: [-1.936, -0.087, 0.000]
- Rotation: in Quaternion (xyzw) [0.000, 0.000, -0.404, 0.915]
- Rotation: in RPY (radian) [0.000, 0.000, -0.833]
- Rotation: in RPY (degree) [0.000, 0.000, -47.700]
- Matrix:
  0.673  0.740  0.000 -1.936
 -0.740  0.673 -0.000 -0.087
 -0.000  0.000  1.000  0.000
  0.000  0.000  0.000  1.000
At time 1761659414.516606875
- Translation: [-1.128, -0.388, 0.000]
- Rotation: in Quaternion (xyzw) [0.000, 0.000, 0.015, 1.000]
- Rotation: in RPY (radian) [0.000, -0.000, 0.030]
- Rotation: in RPY (degree) [0.000, -0.000, 1.726]
- Matrix:
  1.000 -0.030  0.000 -1.128
  0.030  1.000  0.000 -0.388
  0.000  0.000  1.000  0.000
  0.000  0.000  0.000  1.000
At time 1761659415.508277068
- Translation: [-0.546, -0.280, 0.000]
- Rotation: in Quaternion (xyzw) [0.000, 0.000, 0.165, 0.986]
- Rotation: in RPY (radian) [0.000, -0.000, 0.331]
- Rotation: in RPY (degree) [0.000, -0.000, 18.941]
- Matrix:
  0.946 -0.325  0.000 -0.546
  0.325  0.946  0.000 -0.280
  0.000  0.000  1.000  0.000
  0.000  0.000  0.000  1.000
At time 1761659416.516175463
- Translation: [-0.261, -0.158, 0.000]
- Rotation: in Quaternion (xyzw) [0.000, 0.000, 0.235, 0.972]
- Rotation: in RPY (radian) [0.000, -0.000, 0.475]
- Rotation: in RPY (degree) [0.000, -0.000, 27.219]
- Matrix:
  0.889 -0.457  0.000 -0.261
  0.457  0.889  0.000 -0.158
  0.000  0.000  1.000  0.000
  0.000  0.000  0.000  1.000
At time 1761659417.507917117
- Translation: [-0.127, -0.083, 0.000]
- Rotation: in Quaternion (xyzw) [0.000, 0.000, 0.269, 0.963]
- Rotation: in RPY (radian) [0.000, -0.000, 0.545]
- Rotation: in RPY (degree) [0.000, -0.000, 31.201]
- Matrix:
  0.855 -0.518  0.000 -0.127
  0.518  0.855  0.000 -0.083
  0.000  0.000  1.000  0.000
  0.000  0.000  0.000  1.000
At time 1761659418.516577966
- Translation: [-0.062, -0.042, 0.000]
- Rotation: in Quaternion (xyzw) [0.000, 0.000, 0.285, 0.958]
- Rotation: in RPY (radian) [0.000, -0.000, 0.578]
- Rotation: in RPY (degree) [0.000, -0.000, 33.142]
- Matrix:
  0.837 -0.547  0.000 -0.062
  0.547  0.837  0.000 -0.042
  0.000  0.000  1.000  0.000
  0.000  0.000  0.000  1.000
At time 1761659419.524641551
- Translation: [-0.031, -0.021, 0.000]
- Rotation: in Quaternion (xyzw) [0.000, 0.000, 0.293, 0.956]
- Rotation: in RPY (radian) [0.000, -0.000, 0.595]
- Rotation: in RPY (degree) [0.000, -0.000, 34.091]
- Matrix:
  0.828 -0.561  0.000 -0.031
  0.561  0.828  0.000 -0.021
  0.000  0.000  1.000  0.000
  0.000  0.000  0.000  1.000
At time 1761659420.516517253
- Translation: [-0.015, -0.011, 0.000]
- Rotation: in Quaternion (xyzw) [0.000, 0.000, 0.297, 0.955]
- Rotation: in RPY (radian) [0.000, -0.000, 0.603]
- Rotation: in RPY (degree) [0.000, -0.000, 34.543]
- Matrix:
  0.824 -0.567  0.000 -0.015
  0.567  0.824  0.000 -0.011
  0.000  0.000  1.000  0.000
  0.000  0.000  0.000  1.000
